============================================================
GENERATED DATASET STATISTICS
============================================================

Total records: 100,000
Success rate: 19.11%

Numeric features summary:
       founding_year  total_capital_raised_usd  cash_on_hand_usd  monthly_burn_usd  runway_months  annual_revenue_run_rate  revenue_growth_rate_percent  gross_margin_percent  burn_multiple  ltv_cac_ratio   patent_count  tech_differentiation_score  switching_cost_score  brand_strength_score  scalability_score  product_retention_30d  product_retention_90d  tam_size_usd  sam_size_usd  som_size_usd  market_growth_rate_percent  customer_count  customer_concentration_percent  user_growth_rate_percent  net_dollar_retention_percent  competition_intensity  competitors_named_count  dau_mau_ratio  founders_count  team_size_full_time  years_experience_avg  domain_expertise_years_avg  prior_startup_experience_count  prior_successful_exits_count  board_advisor_experience_score  advisors_count  team_diversity_percent  burn_multiple_calc  success_numeric  burn_multiple_check   runway_check
count  100000.000000              1.000000e+05      1.000000e+05      1.000000e+05  100000.000000             1.000000e+05                100000.000000         100000.000000  100000.000000  100000.000000  100000.000000               100000.000000         100000.000000         100000.000000      100000.000000          100000.000000          100000.000000  1.000000e+05  1.000000e+05  1.000000e+05               100000.000000    1.000000e+05                   100000.000000             100000.000000                 100000.000000          100000.000000            100000.000000  100000.000000   100000.000000        100000.000000         100000.000000               100000.000000                   100000.000000                 100000.000000                   100000.000000   100000.000000            100000.00000       100000.000000    100000.000000        100000.000000  100000.000000
mean     2022.303040              1.058296e+07      4.103530e+06      3.984239e+05       9.012890             1.899121e+06                    45.069756             53.855838     483.446711       1.679840       1.354160                    2.381940              2.382461              2.380577           0.567404               0.379809               0.244794  1.410005e+11  1.763088e+10  6.805163e+08                   17.549904    4.033972e+04                       35.708886                  9.813062                     90.791262               3.809122                26.997270       0.316351        2.148690            53.808800              8.818719                    6.617150                        0.784400                      0.207600                        2.382959        3.246820                50.00171          248.011188         0.191150           289.711005       9.012890
std         2.385528              2.654324e+07      1.257735e+07      1.071376e+06       4.967193             1.127161e+07                    61.464761             20.086757     454.429294       1.035262       2.597645                    0.975631              0.975858              0.978850           0.176251               0.194369               0.181458  1.959230e+11  2.666560e+10  1.237829e+09                    9.583823    2.072694e+05                       13.998600                 14.826451                     18.907213               0.698413                12.995061       0.165861        0.790852           162.608826              3.479281                    2.735770                        1.060174                      0.449493                        0.974303        3.228387                11.55936          807.069400         0.393209          1558.382414       4.967193
min      2010.000000              5.002927e+04      5.070250e+03      5.134900e+02       3.000000             0.000000e+00                   -50.000000             10.000000       0.059834       0.500011       0.000000                    1.000000              1.000000              1.000000           0.300001               0.150724               0.061860  1.001809e+09  5.307078e+07  6.800339e+05                    5.000000    0.000000e+00                        5.000000                -20.000000                     50.000000               2.000000                 5.000000       0.100001        1.000000             1.000000              3.000000                    1.800117                        0.000000                      0.000000                        1.000000        0.000000                30.00000            0.093002         0.000000             0.149669       2.999995
25%      2022.000000              3.096581e+05      8.795858e+04      1.238428e+04       5.000000             3.881012e+03                     5.500000             39.800000      29.292754       0.965865       0.000000                    1.620000              1.620000              1.610000           0.425151               0.250623               0.133485  2.979397e+10  3.242702e+09  9.723056e+07                    9.500000    4.400000e+01                       24.900000                 -0.100000                     77.500000               3.310000                16.000000       0.192031        2.000000             3.000000              6.353563                    4.670071                        0.000000                      0.000000                        1.620000        1.000000                40.00000            4.634449         0.000000             8.074052       5.000000
50%      2023.000000              1.475119e+06      3.772033e+05      5.172076e+04       8.000000             2.798481e+04                    29.000000             54.200000     260.549273       1.429292       0.000000                    2.240000              2.240000              2.230000           0.547876               0.309858               0.170204  6.295557e+10  7.334502e+09  2.478982e+08                   16.700000    3.170000e+02                       35.200000                  7.600000                     89.200000               3.810000                27.000000       0.284648        2.000000             8.000000              8.541365                    6.345239                        0.000000                      0.000000                        2.240000        3.000000                50.00000           14.204388         0.000000            28.605494       8.000000
75%      2024.000000              7.346964e+06      1.942510e+06      2.486509e+05      11.000000             1.763528e+05                    61.900000             68.400000     999.000000       1.890536       1.000000                    2.860000              2.860000              2.860000           0.671005               0.401687               0.234391  1.523012e+11  1.793636e+10  6.657770e+08                   24.000000    3.076000e+03                       47.600000                 16.900000                    102.600000               4.380000                38.000000       0.378117        3.000000            27.000000             10.902499                    8.219058                        1.000000                      0.000000                        2.860000        4.000000                60.00000           98.810120         0.000000           207.576202      11.000000
max      2025.000000              1.999866e+08      1.387913e+08      1.759373e+07      23.000000             1.494235e+08                   337.300000             95.000000     999.000000       4.999898       9.000000                    5.000000              5.000000              5.000000           0.999997               0.899993               0.808259  9.999779e+11  1.967321e+11  1.918106e+10                   50.000000    2.989894e+06                       60.000000                 87.900000                    150.000000               5.000000                49.000000       0.799996        4.000000          1750.000000             25.000000                   22.233152                        9.000000                      4.000000                        5.000000       14.000000                70.00000       128165.289352         1.000000        258145.797571      23.000076

Categorical features:

startup_id:
startup_id
id_99983    1
id_99982    1
id_99981    1
id_99980    1
id_99979    1
id_99978    1
id_99977    1
id_99976    1
id_99975    1
id_99974    1

startup_name:
startup_name
TechLink       349
CloudStream    341
BridgeNet      341
CyberPath      337
BridgeCore     336
LogicLabs      334
StreamHub      328
CloudGrid      327
BridgeSpace    327
MetaLogic      327

funding_stage:
funding_stage
Seed         35069
Pre-Seed     30045
Series A     19938
Series B     10014
Series C+     4934

investor_tier_primary:
investor_tier_primary
Tier3    35270
Tier2    34813
Tier1    15111
Angel    14806

has_debt:
has_debt
False    83173
True     16827

network_effects_present:
network_effects_present
False    84341
True     15659

has_data_moat:
has_data_moat
False    86221
True     13779

regulatory_advantage_present:
regulatory_advantage_present
False    89971
True     10029

product_stage:
product_stage
MVP               25144
Early Traction    24983
Beta              19959
Growth            19938
GA                 9976

sector:
sector
SaaS           25101
E-commerce     14874
Other          12873
FinTech        12004
HealthTech      9831
AI/ML           8054
EdTech          7194
Marketplace     5049
Gaming          5020

key_person_dependency:
key_person_dependency
True     54242
False    45758

success:
success
False    80885
True     19115
